.Random.seed <-
c(403L, 10L, 737245206L, -522091840L, -1210461053L, 1288323233L, 
-623253872L, -1659423378L, 132522777L, 1622878123L, -1656879718L, 
1385767260L, 1525692511L, 1307580469L, 1405508556L, 1588727586L, 
-919318147L, 887822967L, 683426718L, 203215448L, -78324805L, 
1795599705L, -1799608600L, 227530518L, 1869002897L, -1383721661L, 
562450514L, 84300516L, 2004600103L, -1984627331L, 831313012L, 
525549146L, 910535333L, -361639745L, 1604563782L, -1329208880L, 
1303020531L, 2045582097L, -1342239936L, -169807074L, -161547287L, 
23171355L, 1103072042L, 1042877516L, -833993713L, 735833925L, 
540838140L, -2075199662L, -2057619251L, -277092217L, 1694071662L, 
-2031162040L, -13797045L, 1308929193L, -428536328L, -195439322L, 
1874953793L, -951742509L, 1995179394L, 527313332L, 1334736183L, 
1574748205L, 63180100L, 991824490L, -95214379L, 1234047599L, 
960034678L, 910121120L, -2082631325L, -1147780607L, -1076506256L, 
-2098548466L, -561388679L, -2040943861L, -1456712646L, 891925308L, 
-2142574465L, -1880388651L, 779904492L, 584378178L, -436909923L, 
1295552791L, -1047492482L, -1811996616L, 627529499L, 774231161L, 
379124936L, 892177654L, 297692465L, -656192157L, 1662324530L, 
-820254588L, 502863047L, 1237096349L, 603456276L, -515509830L, 
1984399365L, 912023007L, -1052077978L, -1821007888L, 1456847123L, 
-582433103L, 1212281184L, -2144540930L, -434175351L, 891297211L, 
-177436790L, -2099868052L, -1909026833L, -2083387355L, -1580029732L, 
414944946L, 315826605L, -1837169305L, 1709314702L, -599360664L, 
-1165474965L, 2010684681L, -236948584L, 1970225862L, -1483421663L, 
-1437705037L, 630021666L, -704495596L, -1649875817L, -1354183027L, 
-1273135196L, 1287700874L, -73818635L, -873287601L, 1677231958L, 
1831517696L, -378638525L, -1124931871L, 1265083472L, 1152724142L, 
1621006425L, 565287019L, 391642586L, 317515420L, -983844705L, 
1144599285L, -1153405044L, -2107130270L, -481516995L, -790762313L, 
1869050718L, 2096617112L, 962205179L, -448591975L, -1446547416L, 
-498059050L, 98843985L, -1755493373L, -1534520430L, -280264412L, 
-1854785561L, -1264268227L, 1227618996L, -314795750L, 825424485L, 
-1402425601L, 450818950L, 811734288L, 326585779L, -117707183L, 
1822608896L, 1185516254L, 65243433L, 504042715L, -1765395478L, 
960324492L, 438691023L, -355005307L, -5306564L, 1774237202L, 
-1415899891L, 224738887L, 750044206L, 1320692104L, -436481909L, 
-1051186583L, 2096821816L, -1642328346L, 1754589825L, -1922533869L, 
-94101054L, 235555444L, 1514155127L, 1360369005L, -365827580L, 
464734506L, 2068192917L, -235457233L, 1803636790L, 1534297184L, 
-767432029L, -1597080127L, 765450672L, 105318606L, 1139160633L, 
1680664651L, 964131322L, 1054029052L, 428300607L, -1276021227L, 
-11500244L, -1802590718L, 767106269L, -481941545L, -353946946L, 
1633846520L, 1482463963L, 1055646009L, -544349048L, -1555364810L, 
819568753L, 94909091L, -1328904206L, -393483452L, 788620295L, 
1467662813L, -954687788L, -2147237382L, 2040065349L, 814717343L, 
-1763652826L, -1900137552L, -1671528365L, -1350946080L, -1335006084L, 
963108048L, 838282146L, 1349619240L, -1507510004L, -1594329156L, 
651331890L, 723591360L, 1821975092L, -1435530552L, 916658874L, 
-236477296L, 1444140780L, 725892692L, 399132306L, -2115963104L, 
939337676L, 10633440L, 1917173442L, 1004799016L, 631229356L, 
-176653636L, -1572550158L, -1736550864L, 1438721956L, -341945928L, 
-1538706598L, -312904560L, 1665645436L, -2095409388L, -339178174L, 
-275243264L, -2109811780L, -746524848L, 561281314L, 703889992L, 
-1933823988L, 118772828L, 915898834L, -954622464L, 1561645396L, 
1855893736L, 583667962L, -737065264L, -920489684L, 1432981748L, 
-1060385390L, -1158346400L, -1721186292L, 1437696736L, 1863154274L, 
1961489064L, -1459312052L, -1274519684L, -161397454L, -1405069712L, 
1924043588L, -1320867880L, 827709306L, -310204880L, 1736529852L, 
1113822804L, 1037639746L, -1447284576L, 145692348L, 561306064L, 
-1993624734L, 1583493864L, -111320884L, 2115666428L, -611769870L, 
841091712L, 488914420L, 1218520712L, -1856561350L, -218713264L, 
232156268L, 766849428L, 1582863442L, 838173152L, -1418195764L, 
-233536352L, 773514626L, -712013592L, 2019342060L, -1257372356L, 
-264659854L, -554305424L, -296079324L, -1767162824L, 769224474L, 
-1321374512L, -1508999364L, -754133100L, 310395778L, 1215179200L, 
-363995588L, -1595079280L, -616571358L, -2089261816L, -1262231924L, 
2127056668L, 1755644050L, 1868061056L, -1794271724L, 68587304L, 
-615724486L, 1908809168L, 1697933676L, -918854732L, -12322798L, 
-1396685344L, -610830388L, 254771424L, 326613026L, 44445992L, 
1620577804L, 1277478716L, -1791052814L, -2074932496L, -2018210236L, 
42799704L, -341262534L, 1378719216L, 461756092L, 1495693588L, 
-22637886L, -1503796128L, 871740284L, 699385808L, -933088990L, 
-656688472L, 689691532L, -681801540L, 1127112498L, -1875613120L, 
654220468L, 24433224L, 1027454394L, 1216774672L, -1658379540L, 
1366982996L, -1299259118L, -138965600L, 951587532L, -1518412192L, 
-2023311422L, 45225768L, -1999925332L, -493776068L, -735155854L, 
2081233712L, -188736220L, 164457272L, -673165606L, -1421162608L, 
-1869910276L, -1812694124L, -1583116222L, -1619290880L, 286434364L, 
-1156128432L, -80953182L, -636513976L, 1107986188L, -1761836324L, 
10984786L, 325162112L, 1294127188L, -1905152024L, -1024530182L, 
768793424L, 964697900L, 1192102260L, 281742226L, -1498572704L, 
341278092L, 807213920L, -1288242718L, -218483800L, -887720756L, 
-362958852L, -1006303822L, 743003632L, 1596328900L, -1036118696L, 
734771578L, 721691568L, 1516468668L, -1802885036L, -1380300862L, 
-113119200L, 1940564156L, 1631928912L, -1042783262L, -1997045656L, 
674264140L, -647116548L, 756780018L, -1252292352L, 1002303860L, 
-1077150712L, -2021937222L, 1605698000L, -164451348L, -544501356L, 
-216247854L, 362561888L, 267992908L, -140158688L, 1270706050L, 
751804136L, -677080852L, -1970121668L, 776203122L, 1450983024L, 
-745581532L, -1980970184L, 2072226970L, 92287696L, -1061551940L, 
-1538912620L, 610870914L, 1014036672L, -1648708804L, 821574800L, 
-261908557L, 858015444L, 1287626722L, -1271479689L, 264100801L, 
1405823302L, -342632316L, -1283252683L, 2036483615L, -2038423176L, 
-1800322986L, -587469597L, -1065063771L, -1551714494L, 855950640L, 
-84699815L, -246933813L, -1034596548L, 1062553450L, -521140833L, 
1889426473L, -1008271682L, -1560711252L, 1312019709L, -1734602681L, 
-168497360L, -2042693554L, 561910907L, -1661315107L, -772528630L, 
-1329317080L, 1988806033L, -650781821L, 999448708L, -1460564302L, 
-2049371641L, 201581137L, 44480982L, 1486234804L, -477691707L, 
-592047601L, -442332536L, 1279946662L, -1462147245L, -372803403L, 
873125394L, 866288608L, 711538249L, -1429945221L, 1275520332L, 
1417498842L, -1611759409L, 978132121L, 944775342L, -1358619204L, 
2007746093L, -1885019689L, -1199069152L, -520761986L, -111070389L, 
-1626588851L, -1488586886L, 1462778296L, -1492169887L, -1356707053L, 
-985431244L, 345637186L, 2046285143L, 992391329L, 882301286L, 
1862634340L, 1367122581L, 1664697279L, -620996776L, 1785425270L, 
629632899L, -1974766139L, -1921234206L, 1922249552L, -452456839L, 
1414058411L, 1468573468L, -1375178678L, -946318273L, -193457015L, 
-2083643234L, -2061808308L, 1998167325L, -1212598105L, 1313527760L, 
-1698840722L, -489073125L, -1400348803L, 241296746L, -465347576L, 
-336771919L, 1541006115L, 421040164L, -1861115182L, 1092953895L, 
-1371022991L, 417234870L, 1533358932L, -970351131L, 931842031L, 
1025943336L, 754818950L, 1183271859L, 450919189L, -612264590L, 
-1257854528L, 226249257L, -975753573L, 1093572460L, 163377018L, 
-97896273L, 1968722873L, -1646791218L, 992076060L, 874062989L, 
-835360521L, 1984029696L, 326133342L, 1212168491L, 1829718573L, 
-1230693734L, 1452820056L, 611690945L, -292006285L, -1466920044L, 
2078870050L, 410039607L, -1951484927L, -1523107578L, -809153212L, 
-770707339L, -283778593L, -228274888L, 873987862L, -1826480349L, 
748330213L, 857975042L, 1065675632L, 482640665L, -1883532533L, 
-1134649348L, -1415406550L, 1181143135L, 200759273L, 549230846L, 
